%YAML:1.0
---
camera_matrix: !!opencv-matrix
  rows: 3
  cols: 3
  dt: d
  data: [1687.3635109344564, 0.0, 1083.3711277962702, 
        0.0, 1686.4183406093182, 488.98168533232973, 
        0.0, 0.0, 1.0]
distortion_coefficients: !!opencv-matrix
  rows: 1
  cols: 4
  dt: d
  data: [-0.6108525677527605, 0.5228040752508638, 0.009934142873051915, -0.008441967351243432]