%YAML:1.0
---
camera_matrix: !!opencv-matrix
  rows: 3
  cols: 3
  dt: d
  data: [1017.8652853599134, 0.0, 953.8993332187038, 
        0.0, 697.5579745074879, 391.65862653430673, 
        0.0, 0.0, 1.0]
distortion_coefficients: !!opencv-matrix
  rows: 1
  cols: 4
  dt: d
  data: [-0.6108525677527605, 2.0568052530680947, -0.025780424344442478, -0.0650968598873508]